
Year:2022 Month:12 Day:14 Hour:18 Minute:57 Second:05   5/8 * 7/9 = 35/72
Year:2022 Month:12 Day:14 Hour:18 Minute:57 Second:25   5-7j / 3+5j = (-0.5882352941176471-1.352941176470588j)
Year:2022 Month:12 Day:14 Hour:19 Minute:09 Second:54   5-7j - 6+2j = (-1-9j)
